# This file may be used to create an environment using:
# $ conda create --name <env> --file <this file>
# platform: win-64
# created-by: conda 25.5.1
blas=1.0=mkl
bottleneck=1.4.2=py310hc99e966_0
bzip2=1.0.8=h2bbff1b_6
ca-certificates=2025.9.9=haa95532_0
expat=2.7.1=h8ddb27b_0
icc_rt=2022.1.0=h6049295_2
intel-openmp=2023.1.0=h59b6b97_46320
joblib=1.5.1=py310haa95532_0
libffi=3.4.4=hd77b12b_1
libzlib=1.3.1=h02ab6af_0
mkl=2023.1.0=h6b88ed4_46358
mkl-service=2.4.0=py310h827c3e9_2
mkl_fft=1.3.11=py310h827c3e9_0
mkl_random=1.2.8=py310hc64d2fc_0
numexpr=2.11.0=py310hdb065b2_0
numpy=2.0.1=py310h055cbcc_1
numpy-base=2.0.1=py310h65a83cf_1
openssl=3.0.17=h35632f6_0
pandas=2.3.2=py310ha5e6156_0
pip=25.2=pyhc872135_0
python=3.10.18=h981015d_0
python-dateutil=2.9.0post0=py310haa95532_2
python-tzdata=2025.2=pyhd3eb1b0_0
pytz=2025.2=py310haa95532_0
scikit-learn=1.7.1=py310h3fbe716_0
scipy=1.15.3=py310h180bac5_0
setuptools=78.1.1=py310haa95532_0
six=1.17.0=py310haa95532_0
sqlite=3.50.2=hda9a48d_1
tbb=2021.8.0=h59b6b97_0
threadpoolctl=3.5.0=py310h9909e9c_0
tk=8.6.15=hf199647_0
tzdata=2025b=h04d1e81_0
ucrt=10.0.22621.0=haa95532_0
vc=14.3=h2df5915_10
vc14_runtime=14.44.35208=h4927774_10
vs2015_runtime=14.44.35208=ha6b5a95_10
wheel=0.45.1=py310haa95532_0
xz=5.6.4=h4754444_1
zlib=1.3.1=h02ab6af_0
